1.00000
0.01000
0.14601
0.02006
0.09146
0.01417
37.90000
0.27286
1.00000
0.01000
0.04765
0.00172
0.04029
0.00214
30.60000
0.35801
1.00000
0.01000
0.04385
0.01407
0.04415
0.01420
28.10000
0.37096
1.00000
0.01000
0.11644
0.01143
0.07320
0.00506
40.20000
0.45449
1.00000
0.01000
0.06056
0.00219
0.04990
0.00323
35.20000
0.30557
1.00000
0.01000
0.04323
0.00821
0.04346
0.00831
23.10000
0.30978
1.00000
0.01000
0.11761
0.01035
0.07726
0.00510
38.40000
0.26537
1.00000
0.01000
0.04608
0.00219
0.03980
0.00154
27.00000
0.27767
1.00000
0.01000
0.01120
0.00154
0.01137
0.00153
14.30000
0.26048
1.00000
0.01000
0.02650
0.00285
0.02576
0.00221
14.54000
2.01068
